=== Gathered Normal Data ===
x_train_total shape: (50000, 28, 28), dtype: uint8, min=0, max=255
y_train_total shape: (50000, 1), dtype: int64, unique labels: [0 1 2 3 4 5 6 7 8 9]

samples of x_train_total:
[[  0   0   0   0   0   0   0   0   0   0   0   0   0   0   0   0   0   0
    0   0   0   0   0   0   0   0   0   0]
 [  0   0   0   0   0   0   0   0   0   0   0   0   0   0   0   0   0   0
    0   0   0   0   0   0   0   0   0   0]
 [  0   0   0   0   0   0   0   0   0   0   0   0   0   0   0   0   0   0
    0   0   0   0   0   0   0   0   0   0]
 [  0   0   0   0   4   0   0   0   0   0  62  61  21  29  23  51 136  61
    0   0   0   0   0   0   0   0   0   0]
 [  0   0   0   0   0   0   0  88 201 228 225 255 115  62 137 255 235 222
  255 135   0   0   0   0   0   0   0   0]
 [  0   0   0   0   0  47 252 234 238 224 215 215 229 108 180 207 214 224
  231 249 254  45   0   0   0   0   0   0]
 [  0   0   1   0   0 214 222 210 213 224 225 217 220 254 233 219 221 217
  223 221 240 254   0   0   1   0   0   0]
 [  1   0   0   0 128 237 207 224 224 207 216 214 210 208 211 221 208 219
  213 226 211 237 150   0   0   0   0   0]
 [  0   2   0   0 237 222 215 207 210 212 213 206 214 213 214 213 210 215
  214 206 199 218 255  13   0   2   0   0]
 [  0   4   0  85 228 210 218 200 211 208 203 215 210 209 209 210 213 211
  210 217 206 213 231 175   0   0   0   0]
 [  0   0   0 217 224 215 206 205 204 217 230 222 215 224 233 228 232 228
  224 207 212 215 213 229  31   0   4   0]
 [  1   0  21 225 212 212 203 211 225 193 139 136 195 147 156 139 128 162
  197 223 207 220 213 232 177   0   0   0]
 [  0   0 123 226 207 211 209 205 228 158  90 103 186 138 100 121 147 158
  183 226 208 214 209 216 255  13   0   1]
 [  0   0 226 219 202 208 206 205 216 184 156 150 193 170 164 168 188 186
  200 219 216 213 213 211 233 148   0   0]
 [  0  45 227 204 214 211 218 222 221 230 229 221 213 224 233 226 220 219
  221 224 223 217 210 218 213 254   0   0]
 [  0 157 226 203 207 211 209 215 205 198 207 208 201 201 197 203 205 210
  207 213 214 214 214 213 208 234 107   0]
 [  0 235 213 204 211 210 209 213 202 197 204 215 217 213 212 210 206 212
  203 211 218 215 214 208 209 222 230   0]
 [ 52 255 207 200 208 213 210 210 208 207 202 201 209 216 216 216 216 214
  212 205 215 201 228 208 214 212 218  25]
 [118 217 201 206 208 213 208 205 206 210 211 202 199 207 208 209 210 207
  210 210 245 139 119 255 202 203 236 114]
 [171 238 212 203 220 216 217 209 207 205 210 211 206 204 206 209 211 215
  210 206 221 242   0 224 234 230 181  26]
 [ 39 145 201 255 157 115 250 200 207 206 207 213 216 206 205 206 207 206
  215 207 221 238   0   0 188  85   0   0]
 [  0   0   0  31   0 129 253 190 207 208 208 208 209 211 211 209 209 209
  212 201 226 165   0   0   0   0   0   0]
 [  2   0   0   0   0  89 254 199 199 192 196 198 199 201 202 203 204 203
  203 200 222 155   0   3   3   3   2   0]
 [  0   0   1   5   0   0 255 218 226 232 228 224 222 220 219 219 217 221
  220 212 236  95   0   2   0   0   0   0]
 [  0   0   0   0   0   0 155 194 168 170 171 173 173 179 177 175 172 171
  167 161 180   0   0   1   0   1   0   0]
 [  0   0   0   0   0   0   0   0   0   0   0   0   0   0   0   0   0   0
    0   0   0   0   0   0   0   0   0   0]
 [  0   0   0   0   0   0   0   0   0   0   0   0   0   0   0   0   0   0
    0   0   0   0   0   0   0   0   0   0]
 [  0   0   0   0   0   0   0   0   0   0   0   0   0   0   0   0   0   0
    0   0   0   0   0   0   0   0   0   0]]
[[  0   0   0   0   0   0   0   0   0   0   0   0   0   0   0   0   0   0
    0   0   0   0   0   0   0   0   0   0]
 [  0   0   0   0   0   0   0   0   0   0   0   0   0   0   0   0   0   0
    0   0   0   0   0   0   0   0   0   0]
 [  0   0   0   0   0   0   0   0   0   0   0   0   0   0   0   0   0   0
    0   0   0   0   0   0   0   0   0   0]
 [  0   0   0   0   0   0   0   0   0   0   0   0   0   0   0   0   0   0
    0   0   0   0   0   0   0   0   0   0]
 [  0   0   0   0   0   0   0   0   0   0   0   0   0   0   0   0   0   0
    0   0   0   0   0   0   0   0   0   0]
 [  0   0   0   0   0   0   0   0   0   0   0   0   1   1   0   0   0   0
   81  21   0   1   0   1   0   0   0   0]
 [  0   0   0   0   0   0   0   0   0   0   0   1   0   0   0   0   0  14
  200  49   0   0   0   0   0   0   0   0]
 [  0   0   0   0   0   0   0   0   2   1   1   1   0   1   0   0   0 162
  184 165  20   0   1   1   3   4   1   0]
 [  0   0   0   0   0   0   0   0   0   0   0   1   2   0   2   0 120 183
  154 206  32   0   5   5   0   0   0   0]
 [  0   0   0   0   0   0   0   0   0   0   0   2   0   3   0  76 227 151
  139 158   0   0   0   0   0  66  23   0]
 [  0   0   0   0   0   0   0   0   1   0   1   0   0   0  55 224 162 143
  121 204 236 144  21  74  90 190   8   0]
 [  0   0   0   0   0   0   0   0   0   1   0   0   0  42 228 160 148 125
  165 223 208 221 246 211 174 151   0   0]
 [  0   0   0   1   3   0   1   0   3   0   9   0  23 230 168 147 119 163
  227 206 200 190 206 186 139 171  41   0]
 [  0   0   0   0   0   0   0   0   3   4   0  16 209 185 139 118 181 227
  209 204 210 199 225 157 127 190 111   0]
 [  1   3   2   1   3   2   3   0   0   0  67 214 187 139 111 191 229 203
  208 208 196 223 188 100 128 155 112   0]
 [  0   0   0   0   0   0   0   0  48 161 218 171 147 116 185 235 201 209
  203 204 220 208 126 133 162 164 187   0]
 [  0  12  16   9   4  19  73 170 211 188 145 149 148 136 222 218 207 208
  215 224 193 140 146 162 156 118 203  37]
 [ 47 255 188 187 182 203 206 182 147 140 148 148 148 134 180 218 221 225
  204 156 134 139 144 140 123  97 206  30]
 [ 88 203 164 167 170 161 147 147 156 159 153 152 155 150 134 136 153 145
  136 151 164 168 170 166 153 130 200  10]
 [131 195 150 133 132 142 160 166 162 153 152 153 151 154 163 147 152 163
  205 208 174 175 178 181 168 150 196   1]
 [155 228 197 172 138 123 121 122 126 129 135 139 144 158 177 192 239 244
  178 176 183 179 185 177 147 148 192   0]
 [  0  80 196 199 212 209 190 176 170 178 183 192 204 204 202 144  59   3
    0  67 217 184 188 178 166 160 188  13]
 [  0   0   0   3  51 105 179 217 235 227 208 201 133  58   0   0   0   0
    0  16 187 194 184 185 175 181 131   0]
 [  0   3   0   0   0   0   0   0   0   0   0   0   0   0   0   5   5   5
    0   0   0   0   0   0   0   0   0   0]
 [  0   0   0   0   0   0   0   0   0   0   0   0   0   0   0   0   0   0
    0   0   0   0   0   0   0   0   0   0]
 [  0   0   0   0   0   0   0   0   0   0   0   0   0   0   0   0   0   0
    0   0   0   0   0   0   0   0   0   0]
 [  0   0   0   0   0   0   0   0   0   0   0   0   0   0   0   0   0   0
    0   0   0   0   0   0   0   0   0   0]
 [  0   0   0   0   0   0   0   0   0   0   0   0   0   0   0   0   0   0
    0   0   0   0   0   0   0   0   0   0]]
samples of y_train_total: [[2]
 [9]
 [6]
 [0]
 [3]
 [4]
 [4]
 [5]
 [4]
 [8]
 [0]
 [8]
 [9]
 [0]
 [2]
 [2]
 [9]
 [3]
 [3]
 [3]]
(distill) root@1272ca83ff0f:/local/MUTED/model/biased_mnist_fashion# 